0,532
0,531
33,74
0,530
33,0
0,529
0,474
57,35
33,4
33,72
33,71
33,98
33,97
33,96
33,95
33,94
33,93
33,92
33,91
33,90
33,89
3,1
3,3
10,251
10,113
10,281
10,25
10,289
10,282
10,99
10,308
10,2
10,3
11,24
11,21
11,8
11,28
11,27
11,30
11,17
11,22
11,2
11,3
9,5
9,7
9,2
9,3
8,14
8,7
8,11
8,4
8,15
8,2
8,3
0,318
12,2
12,1
12,3
46,3
46,2
46,1
46,0
45,3
45,2
45,1
45,0
44,3
44,2
44,1
44,0
43,3
43,2
43,1
43,0
42,3
42,2
42,1
42,0
41,3
41,2
41,1
41,0
40,3
40,2
40,1
40,0
39,3
39,2
39,1
39,0
38,3
38,2
38,1
38,0
37,3
37,2
37,1
37,0
36,3
36,2
36,1
35,5
35,3
35,1
34,4
34,3
34,1
33,127
33,126
33,125
33,124
33,123
33,122
33,121
33,120
33,119
33,118
33,117
33,116
33,115
33,114
33,113
33,112
33,111
33,110
33,109
33,108
33,107
33,106
33,105
33,104
33,103
33,102
33,101
33,100
33,99
