35,7
25,5
24,4
26,4
26,1
26,3
30,4
30,1
30,3
31,5
31,1
31,3
25,4
25,1
25,3
24,1
24,3
34,4
34,1
34,3
28,4
29,1
29,3
28,5
28,1
28,3
27,1
27,3
35,5
35,1
35,3
14,5
47,35
33,4
33,3
3,2
3,1
3,3
10,225
10,86
10,21
10,278
10,99
10,95
10,75
10,1
10,81
10,2
10,3
11,26
11,8
11,15
11,12
11,24
11,6
11,1
11,4
11,2
11,3
9,5
9,1
9,7
9,2
9,3
8,4
8,9
8,7
8,6
8,1
8,14
8,2
8,3
0,318
12,2
12,1
12,3
20,2
20,1
20,3
19,2
19,1
19,3
18,1
18,3
14,1
14,4
14,3
13,1
13,3
2,2
2,1
2,3
46,3
46,2
46,1
46,0
45,3
45,2
45,1
45,0
44,3
44,2
44,1
44,0
43,3
43,2
43,1
43,0
42,3
42,2
42,1
42,0
41,3
41,2
41,1
41,0
40,3
40,2
40,1
40,0
39,3
39,2
39,1
39,0
38,3
